2.082492152644141,2.082492152644141,0.5279393501435649,0.5279393501435649,0.5281646629050365,3.7633873700805553,0.1404065602787119,4.93134616598843,5.777187091299003,5.815143065384731,5.101321141615348,1.5067650237636094
3.2904359952085915,3.2904359952085915,0.5215091340157197,0.5215091340157197,0.5217344467776777,3.759840612334932,5.236843278254397,2.439955013668956,4.583069583360741,0.7219187002815002,2.6583773364941874,0.3007638067358096
0.7877190297032559,0.7877190297032559,4.324412633250431,4.324412633250431,4.324637946012371,1.2940714074528659,0.13110828667582286,2.471200986720403,5.777226209526949,5.823887775237914,3.8240822714549547,2.823176459843702
0.8259392049887389,0.8259392049887389,5.527335566974132,5.527335566974132,5.527560879736172,2.46061545394811,3.956401387007242,4.91854820380421,3.3145618806647232,1.987956883959841,2.653399869088339,2.7617185163168134
3.289516195562758,3.289516195562758,4.335458207944202,4.335458207944202,4.335683520706555,1.28025682084101,3.9440698136982935,3.746525585521769,3.306883679284767,2.019217331516313,5.112738454860465,0.33474742929290535
2.097708178032109,2.097708178032109,0.534755903878905,0.534755903878905,0.5349812166409413,3.739410165845499,0.13624672434880392,4.935997464352718,5.784959864870264,5.813547809450181,5.0966397862397095,1.5005176735674493
3.3073407236719756,3.3073407236719756,0.5360160777718195,0.5360160777718195,0.5362413905339034,3.7421671295805687,5.23661720570421,2.4344837282814007,4.588003651113394,0.7289862531781703,2.6442419250821825,0.29414181413898355
0.798532097285225,0.798532097285225,4.34332704369824,4.34332704369824,4.34355235646001,1.289093375177469,0.13601965087723666,2.464243126627225,5.7760595495610225,5.835512550736819,3.8070809001383554,2.818798718252402
0.8249926453836558,0.8249926453836558,5.543376793615221,5.543376793615221,5.543602106376815,2.4690583018811303,3.964294147007733,4.906486912198014,3.3060907002680615,2.000331914941926,2.6360164699527013,2.7634185175825614
3.2791828129638887,3.2791828129638887,4.340517430241738,4.340517430241738,4.340742743003413,1.300238639070562,3.9508619753949805,3.731609351188162,3.2969350512498434,2.0285906587016727,5.1034643858569355,0.3402778351217526
3.775247412638942,3.775247412638942,1.8168101877406353,1.8168101877406353,1.8170355005024095,0.5091746934466608,3.758484178699092,5.799465737009678,5.98204091467037,0.527198811087529,2.7018164412734333,4.194969229948862
6.236321745232368,6.236321745232368,5.6097515414995955,5.6097515414995955,5.60997685426105,2.9863458496359843,2.572688527144539,1.9481560815231285,3.5265809088135467,2.969409783187624,2.672897438955076,5.3807355006096005
0.003457304586515164,0.003457304586515164,5.601789540445708,5.601789540445708,5.6020148532068506,1.799768728416927,5.049157820456994,1.9806892877277373,3.4989186269961605,3.0195725767218287,0.26583410200586943,2.9024042796238225
3.768691377583705,3.768691377583705,1.809732669068352,1.809732669068352,1.809957981829471,2.991144494983875,5.03633200501043,5.747193018918584,5.987186052985877,0.5017541221180792,1.4014637829444627,2.879537466937217
4.9801754199642705,4.9801754199642705,0.6116574232120862,0.6116574232120862,0.6118827359729366,0.5250964907134748,2.5793965264931185,0.6713788055386447,4.8051202228389025,1.6990465568417057,0.22689409413606576,5.363054814550344
3.7807562085479987,3.7807562085479987,1.837782846380416,1.837782846380416,1.8380081591414819,0.5266485243669425,3.765283390481751,5.7922472462762515,5.990325028187858,0.5111289593381834,2.6954939747030897,4.154647704833828
6.2281282900769,6.2281282900769,5.65074453715556,5.65074453715556,5.6509698499166605,2.9990592807653265,2.579173123168067,1.9647163797515625,3.546668334377251,2.940511137386917,2.657657694617224,5.354944082372186
6.268133454521018,6.268133454521018,5.639985563445885,5.639985563445885,5.640210876206583,1.8020745867389927,5.0515313428339645,2.0066901731550666,3.5264075774092465,2.9943924059564537,0.2400943556637669,2.900566852580918
3.747566400600485,3.747566400600485,1.8375190544898148,1.8375190544898148,1.8377443672507907,2.9863017250559953,5.037000238856234,5.7839394611977575,6.010295092239401,0.48285223322730086,1.3767396273410917,2.8972924348285467
4.964252953150315,4.964252953150315,0.6211161833037333,0.6211161833037333,0.6213414960652149,0.5130902241561444,2.5774204076559855,0.7051938178517466,4.812215938286772,1.6928774323054212,0.21834963851653555,5.397875656281165
0.13636421166979495,0.13636421166979495,1.2919736554174666,1.2919736554174666,1.292198968173792,5.250656242603937,2.2995276434989274,2.8738863112196653,4.875828375229268,4.378826447099927,0.43162347760998276,1.7812893004102868
0.1392722968211988,0.1392722968211988,1.2865932058564011,1.2865932058564011,1.286818518612526,4.062912411168905,2.307385885049863,5.315170979377199,4.841055657163127,0.5512036530781836,1.6339056571771147,1.7562026607064212
2.6256600562827774,2.6256600562827774,3.7901609168584325,3.7901609168584325,3.7903862296144335,0.23723851910019178,4.773283460193077,4.158758274778069,1.05471859798599,0.5713038218102957,5.399462332680615,4.271688414195541
1.419241033508711,1.419241033508711,2.5984120081708713,2.5984120081708713,2.5986373209275766,0.2675091602605759,3.5972752900832727,5.329490136913793,6.1440964285970185,4.350568603023881,5.452938275695623,3.0554576153999937
2.6136252887646894,2.6136252887646894,3.7940486434499516,3.7940486434499516,3.794273956206378,4.041909278231013,4.788804437039674,2.855361930476005,1.0412157469140475,5.5455432414306,1.597114784687365,4.241954034318348
0.12777751958187178,0.12777751958187178,1.3193758671417317,1.3193758671417317,1.3196011798985183,5.248759060897796,2.31374432805601,2.8684727730734147,4.886026610282205,4.347689531811784,0.4260540175587444,1.7895100662941448
0.11447675873383201,0.11447675873383201,1.3054848465180322,1.3054848465180322,1.305710159274841,4.052562644087386,2.3151184258697053,5.303707179048266,4.855621160038367,0.5256380138629515,1.6346746803350407,1.7476030110327752
2.5951150131962617,2.5951150131962617,3.7818410922732952,3.7818410922732952,3.78206640502972,0.2218623701634277,4.772941252661203,4.149226889050069,1.068847955031235,0.5626535953550613,5.407600517201816,4.255443583730229
1.3927242077898754,1.3927242077898754,2.562338919676258,2.562338919676258,2.562564232432803,0.2520121901825121,3.587195931158743,5.322341128541539,6.151808807482561,4.359334528010819,5.46232713256557,3.0435909317876675
2.601277637445083,2.601277637445083,3.757111917477493,3.757111917477493,3.757337230233569,4.033540819958425,4.772430237155025,2.8518859632471134,1.0395270477141123,5.568068405300495,1.6047670514353536,4.229213268150895
3.9021590380541387,3.9021590380541387,5.917329017812122,5.917329017812122,5.917554330562766,0.6653062380098342,0.5055520980928909,6.203767455604782,1.8876586941712559,0.17866953770939942,5.9965170019328005,5.467413939173971
3.8907384276671073,3.8907384276671073,5.891248755691839,5.891248755691839,5.891474068441533,0.6766516509329472,0.49891775083329915,6.211964496336945,4.35013668932393,0.2001180371830645,6.0167155237332075,1.6227405411558027
1.4324282542876174,1.4324282542876174,3.4293368270634454,3.4293368270634454,3.4295621398134877,4.503169126303854,4.319569272641088,3.739978499192412,4.3583487961789995,3.9858162385526583,2.171593658544562,1.6842496169932422
2.60607341447918,2.60607341447918,4.622187229480116,4.622187229480116,4.622412542229672,5.678706872427106,5.524872410346935,4.893650438560546,1.8628786958362837,5.179499996505369,1.004243912966419,5.449143966769819
1.419561861258119,1.419561861258119,3.4322743544350955,3.4322743544350955,3.432499667184575,4.515721647577742,4.340055619459985,3.7297666771399434,3.052234528827043,3.9868290200354584,2.2014818209400806,0.3658207558796555
3.8965611744967164,3.8965611744967164,5.938220337103988,5.938220337103988,5.93844564985364,0.6863325474309274,0.5371481646703256,6.159483601791358,1.8565244355523103,0.16056327630877962,6.013652090473588,5.453837245284562
3.879637351886576,3.879637351886576,5.923741416486933,5.923741416486933,5.9239667292360325,0.6889988388474251,0.5255604225169366,6.181178728328783,4.322716300554627,0.18471460831405115,6.044080075639477,1.5919738885860937
1.4243484733643657,1.4243484733643657,3.4662031136213534,3.4662031136213534,3.4664284263711087,4.504534789479952,4.330821893725603,3.729905565948594,4.345084003925615,3.9771435124081504,2.201053479109512,1.6616158899218236
2.6048705804698464,2.6048705804698464,4.6491926584765775,4.6491926584765775,4.649417971226175,5.670013023060481,5.516461656790811,4.902627482371071,1.869637222072394,5.18131511433776,1.0282791780592921,5.429838821136137
1.4211934209636343,1.4211934209636343,3.434822360658171,3.434822360658171,3.4350476734083735,4.496891450086889,4.31517866536879,3.7627993770753783,3.0753724665066837,4.000332475516275,2.206664865650151,0.35185295311540077
3.454678932938206,3.454678932938206,1.2705337198333977,1.2705337198333977,1.2707590325826286,4.001648290076701,2.0369102765670224,1.7192333427046527,4.264946900514782,3.3087127862189685,2.39636838221867,2.306319143595829
4.648333251926864,4.648333251926864,2.4682314453281466,2.4682314453281466,2.468456758077598,4.009536141865871,5.862894077857,5.534524133245512,0.44261795102201873,3.308147245155905,6.249882930281256,4.747759216895284
3.465910903583607,3.465910903583607,1.264025164021089,1.264025164021089,1.264250476771,0.18289590374025,5.8392878393813366,5.532406958106269,0.4485091698133633,5.787338838555156,6.182202317617215,4.772804058002578
5.932133569351922,5.932133569351922,3.744306267088098,3.744306267088098,3.744531579838372,5.287283105887589,2.0590608748114683,1.699188437766191,4.24894278449676,4.598996112669978,2.412528569275915,2.282724795356291
5.9253384777730105,5.9253384777730105,3.735869844779984,3.735869844779984,3.7360951575301806,0.1911414126472799,0.85126164058524,0.541201369197263,5.441889895970802,5.79421655773842,1.2246825746611436,3.455205626823059
3.4408250658698014,3.4408250658698014,1.2576284637728132,1.2576284637728132,1.2578537765227014,4.00295554858751,2.046238536422086,1.722399821396577,4.253486900057697,3.3167243415974776,2.3960210144628613,2.2728867819867076
4.622655612936087,4.622655612936087,2.449957603275138,2.449957603275138,2.450182916024545,4.013679813407919,5.870159415493505,5.548025020287075,0.4392014064726701,3.3111647823767685,6.268886676773212,4.707205944341637
3.436920452979417,3.436920452979417,1.2470402211627656,1.2470402211627656,1.2472655339120344,0.19057171624481306,5.836775034856052,5.552849503879452,0.4545583994655664,5.786015159913919,6.212643325432277,4.748214721344724
5.908333252040938,5.908333252040938,3.7340419391816866,3.7340419391816866,3.73426725193085,5.292354634880632,2.0510660175793305,1.7162736776243637,4.261019968519619,4.590945809754783,2.4456776744448,2.274348117207898
5.91825493407852,5.91825493407852,3.7368920895060085,3.7368920895060085,3.737117402255045,0.19160547555205998,0.8439931420723665,0.5484608603060078,5.455789921027956,5.782152512922603,1.2459406145040193,3.4641301181986917
1.9462449202227052,1.9462449202227052,3.923431322559551,3.923431322559551,3.9236566353110716,5.605014909430441,5.759991948157129,2.315662148618087,0.8423790689623536,4.798351626824945,5.068175600487392,2.660445437752878
1.9232886291204352,1.9232886291204352,5.123588042730444,5.123588042730444,5.123813355482186,0.5019553449311536,5.747043770284717,1.1506197745001108,5.931232596527262,2.3444337444768655,2.629674678658453,3.8364873775346497
5.738527961950936,5.738527961950936,2.643024447683717,2.643024447683717,2.6432497604345535,4.333700230973986,1.951934630021146,2.3030284372972587,2.113836376755656,2.3230956473423037,2.6212518367296385,2.6393520710439127
0.6250297861584597,0.6250297861584597,2.648255471540049,2.648255471540049,2.6484807842905065,4.314629687890289,0.7486920763039215,6.131503598832033,2.0992666196396894,4.823444843229321,5.123328114095609,5.094484079571356
5.732050371429428,5.732050371429428,5.122377452150108,5.122377452150108,5.122602764900158,0.5264925451605853,1.9459588948129038,6.142095426450356,5.899111075302807,3.630097947893605,3.939290932219605,5.100484559791664
1.9323837961747223,1.9323837961747223,3.913084054103,3.913084054103,3.9133093668525327,5.615942217194382,5.760898284569233,2.3139352125600974,0.7996230458018183,4.8208556245344525,5.118945445738069,2.6391074055492787
1.9282852604550946,1.9282852604550946,5.1100981654486075,5.1100981654486075,5.110323478199065,0.5158975329778102,5.748420561471327,1.163939577601917,5.893390821849905,2.3665737121299264,2.652034535320557,3.8326303100407904
5.763924637762741,5.763924637762741,2.633899887128733,2.633899887128733,2.634125199879225,4.347768368633695,1.955469820846579,2.3317959454068893,2.0949277405761038,2.334570758618099,2.608219506330969,2.66006072554479
0.6650114369212021,0.6650114369212021,2.638388377553197,2.638388377553197,2.6386136903039916,4.320491833117415,0.7523222810883006,6.16175882658503,2.1062026429378946,4.822452814892954,5.079492853404154,5.131711456850129
5.7659732905683745,5.7659732905683745,5.118911760503174,5.118911760503174,5.119137073254618,0.5211993449941206,1.946403975872732,6.15906096410506,5.930556677434039,3.617477364558294,3.881480100863578,5.134680176500265
2.499014680471955,2.499014680471955,4.587606364903286,4.587606364903286,4.587831677658877,4.3434428701212475,5.424347940120542,3.179680915827816,1.534944976504752,2.8000130209067935,4.895697595997722,3.2337722923097085
0.04137057298084201,0.04137057298084201,4.597453009867622,4.597453009867622,4.5976783226246365,1.8788061686008266,0.3426691685322609,3.1910678599873896,4.021616286429293,2.8075840790977353,1.0331906203290397,3.221565878785615
0.025416793975421292,0.025416793975421292,2.1221150907157718,2.1221150907157718,2.1223404034725037,1.8802952276614697,4.1385612161427465,0.7453783106486247,2.813033803979284,0.3329906587676183,1.0609920975038147,0.763459779136096
2.515396788973696,2.515396788973696,3.3108342938542794,3.3108342938542794,3.3110596066121807,4.3623767190252245,4.145932390746543,1.8986373708648039,4.01633529524674,1.5302433625242238,4.832978580117178,1.9652978545266264
1.3393311011808438,1.3393311011808438,2.0993807727564033,2.0993807727564033,2.0996060855151364,3.1821039427898525,0.33346669460759415,0.7425758957169419,1.542193347447463,0.3473543007154855,6.036261146927933,0.7690499200664109
2.530742192167896,2.530742192167896,4.554886906047984,4.554886906047984,4.555112218805917,4.3711342662215005,5.411405860860878,3.1795485122172935,1.5378274059009114,2.813131498737307,4.879518562047945,3.2635871281935875
0.07658560205233655,0.07658560205233655,4.546855449988629,4.546855449988629,4.547080762747681,1.8972372543148652,0.3322733927043702,3.170786892158799,4.0277849339959975,2.8124418978300185,1.0476983424860429,3.2484491225166097
0.049697659655445925,0.049697659655445925,2.0674906145540746,2.0674906145540746,2.0677159273118044,1.8865421284619117,4.133192467638793,0.7174327078021658,2.8217180570302474,0.33239728250093464,1.1001922096481598,0.7749213106311629
2.5244664566074277,2.5244664566074277,3.274504283092983,3.274504283092983,3.274729595850708,4.353186561324505,4.1433015043186305,1.8776215518827502,4.023955268184564,1.524140342386096,4.885035085973904,1.9617567485022143
1.3275207033493892,1.3275207033493892,2.099114390002845,2.099114390002845,2.0993397027600706,3.1576604756889384,0.33902620246916104,0.728749480319947,1.5441224484260068,0.33347582315711555,6.078808944772259,0.7505936815018563
5.748518281681659,5.748518281681659,4.38127763991163,4.38127763991163,4.3815029526724985,1.273884593228503,6.2830161059750305,3.948675376486831,4.636519347134838,2.2939974768966107,1.3250078101462894,5.426945533162834
3.286163107202663,3.286163107202663,3.174466991942709,3.174466991942709,3.1746923047041395,2.4560453272374376,2.4446261825320237,1.4787802881347583,0.8173159373581145,6.1153514454627125,1.3400249995472708,0.31787108003636316
3.265498208367891,3.265498208367891,5.636886076614934,5.636886076614934,5.6371113893754705,1.2899024306333362,2.4829698680993246,1.4924218957494446,5.916682200646987,6.091305574235666,5.13786714054048,5.423928379370155
5.754759165886756,5.754759165886756,5.613033951387034,5.613033951387034,5.613259264150108,3.7165094809030075,6.2343424143429145,3.9466787573371227,0.8295059396320434,2.3258932719522285,0.04833241842196064,1.6075044474373168
4.5566107949457155,4.5566107949457155,3.1409728820006446,3.1409728820006446,3.1411981947626133,3.73985703234835,1.1765951663094354,2.7847065292847515,4.633436144173323,1.1355547083445692,5.165287174257526,1.591046920001849
5.749139661543813,5.749139661543813,4.346664287623684,4.346664287623684,4.3468896003859845,1.246166130400197,6.2588011739766864,3.963875372922188,4.643967408272124,2.3381988508087064,1.3417411199821523,5.41612508915476
3.2878492211725163,3.2878492211725163,3.167467489440347,3.167467489440347,3.1676928022025272,2.4291472917182073,2.4358285039758245,1.4951616191497408,0.8234233890335672,6.16565857044507,1.3735145932611539,0.29625739691658215
3.266813915584436,3.266813915584436,5.660457749991476,5.660457749991476,5.660683062751807,1.2767112837247718,2.4963967260486566,1.5016425581432884,5.917655856022563,6.129061774096265,5.171816304936625,5.403247362327418
5.759088852942789,5.759088852942789,5.664347968001371,5.664347968001371,5.664573280762761,3.7212849712805114,6.259504161992965,3.9445528092086035,0.827891292157032,2.334167943517008,0.06699329775491837,1.596664933949133
4.560481269210186,4.560481269210186,3.196879563396836,3.196879563396836,3.197104876156634,3.7577931483677687,1.2032968788859568,2.7748857358199066,4.629464253327535,1.1125300958825153,5.167321419284193,1.5895385019484185
6.245804396296218,6.245804396296218,4.165510848319972,4.165510848319972,4.165736161071611,2.265225830450084,3.032375894917976,2.498287951184171,5.112459107813394,3.9794715113222874,1.0761802617796257,5.595790748807329
5.063920813236721,5.063920813236721,4.1976511058217305,4.1976511058217305,4.19787641857283,1.0696515901055768,5.484571390849014,2.517002675519706,0.0037821120969037296,5.144218857159038,2.253972518027081,5.53438745267048
6.251083862377374,6.251083862377374,0.35788081240085223,0.35788081240085223,0.35810612515195817,2.2885749928728587,5.535273467608413,4.965678739502524,5.104901885725326,3.9622985504695003,6.080318019186191,3.1083713997263906
3.766386559757199,3.766386559757199,5.474741914567555,5.474741914567555,5.474967227318153,6.048755695064693,2.998947508991969,3.8204510958604962,1.2769954666143595,0.1158239385929356,6.113526562667361,4.251915296856793
3.7774317050750366,3.7774317050750366,0.3795735305370283,0.3795735305370283,0.379798843288251,6.098592158157966,4.232714947521502,4.995287037253767,1.2776290609089558,0.11641117502969411,2.2736566262088207,3.0660100611628125
6.234788264537743,6.234788264537743,4.175947280777632,4.175947280777632,4.176172593529155,2.2680604886351943,3.023211736602712,2.530028521638145,5.09680654512246,3.930407898464395,1.108820631013457,5.578748742434947
5.0614597460432735,5.0614597460432735,4.197397531133578,4.197397531133578,4.197622843885717,1.0799932748561096,5.475614746354608,2.54066935427546,6.281162419957023,5.1135464009989855,2.266642848252596,5.5366069841015015
6.257293537783804,6.257293537783804,0.3526032195555846,0.3526032195555846,0.35282853230841804,2.3032833701116893,5.532412704369613,4.970535386399125,5.113654455034919,3.962822946747684,6.069180428446154,3.1312093708224435
3.7769847967084638,3.7769847967084638,5.465178953980685,5.465178953980685,5.4654042667330955,6.061238843335922,2.997933118952257,3.803822726591623,1.2930100325052485,0.1443079377933545,6.0802119352286645,4.2861149943325145
3.790583325922244,3.790583325922244,0.36461185963080744,0.36461185963080744,0.36483717238332247,6.104467813831346,4.235037088129128,4.965344323751819,1.2947900327259132,0.1623738082890096,2.2311071807053042,3.097349466201536
5.463130068045122,5.463130068045122,2.6831577104922495,2.6831577104922495,2.683383023243975,1.8962814465580304,3.9192189419033587,6.099020164089734,1.2972097764273225,0.1627721313405652,3.9230837186655805,1.394871295856353
0.3585359759583957,0.3585359759583957,5.12991520527767,5.12991520527767,5.130140518029924,5.67325725302839,3.926644954093713,6.132707721995987,2.458195861008815,3.981526577815223,5.1035572752046825,5.254801948551811
5.464432975702534,5.464432975702534,5.150606650481933,5.150606650481933,5.150831963234282,5.691579569248545,0.11276169463174117,2.2823967608994757,0.01771854109762512,3.968952248823391,3.9347979886620057,0.10295779988554798
1.613025549057543,1.613025549057543,2.6596421458420716,2.6596421458420716,2.6598674585947455,1.8769695052472697,5.204991253395778,1.142258940180772,6.2780774335520295,0.15689662113571579,0.08993641387145747,5.218693546151905
1.6302980655186727,1.6302980655186727,3.8729593121297547,3.8729593121297547,3.8731846248827653,0.6727850033930409,0.11515166068527302,2.3070676738165474,2.4768215888033285,5.2648588043844695,0.12779845327417977,1.4216246889596398
5.429860415062763,5.429860415062763,2.6947468798443697,2.6947468798443697,2.6949721925970556,1.8918850173765707,3.9144444156157934,6.1149929564079075,1.3050525462825884,0.1671770792283712,3.9304591297460756,1.3895588053819121
0.33652667579415385,0.33652667579415385,5.158351030011269,5.158351030011269,5.158576342764505,5.670113965857815,3.917531734569501,6.131321708816095,2.4650011569519195,3.9954992510922156,5.121666354239096,5.268969548239923
5.466088924130573,5.466088924130573,5.191174651631539,5.191174651631539,5.19139996438463,5.691892528295257,0.10314678982997719,2.266360238867665,0.02579519528880043,3.989048620062801,3.9590806560860496,0.12994949662097977
1.6358048167707515,1.6358048167707515,2.690981319192222,2.690981319192222,2.691206631944962,1.880313907731963,5.196004455141916,1.1184500753102926,0.003326759806436976,0.1766447812992265,0.10774056989619368,5.242884186141792
1.662191012858174,1.662191012858174,3.8803108082369637,3.8803108082369637,3.8805361209892983,0.6769912738073434,0.11128088676548163,2.2814451259470654,2.4764443678822623,5.273752981265121,0.1327131413039272,1.4376973435537965
1.7261414906942145,1.7261414906942145,2.3315645101562454,2.3315645101562454,2.3317898228983296,5.841758414715483,3.4407163916405255,4.4467706671550165,1.9525595402542069,0.8868094625823961,1.5678453985247847,3.4317478533916135
0.5371319617109072,0.5371319617109072,6.118269988739265,6.118269988739265,6.118495301480798,5.854262125156985,2.2713427352006645,0.6357535514981363,1.9257065146188483,5.983955596525775,1.5916158638769848,4.600465960946701
2.996117887220774,2.996117887220774,6.123979149051705,6.123979149051705,6.124204461792957,2.0087833459204423,3.420734828184578,5.744427890543405,5.773511252507928,0.9048108362493898,4.035263841117038,3.4117728513952423
3.009390177620081,3.009390177620081,2.347667332953281,2.347667332953281,2.3478926456947704,0.8649562597101539,1.0187830383977974,0.6366550209138762,0.6345100883407918,4.702236944238456,2.8789625472525238,5.88727142500973
0.5227212199908714,0.5227212199908714,1.1262517172843909,1.1262517172843909,1.1264770300258198,2.0405695654719604,0.9818871915859803,4.449337741898375,5.75710742625603,4.705401148301496,4.052167685715977,5.865452975306765
1.7208306610640456,1.7208306610640456,2.366766798704918,2.366766798704918,2.366992111446692,5.864803434463798,3.475030545637593,4.446723796064912,1.951857388097275,0.883359314646303,1.5793076875068928,3.4201331280523717
0.5361860003745396,0.5361860003745396,6.151765087609366,6.151765087609366,6.151990400351524,5.8817735548762125,2.3044222598456594,0.6212839243557083,1.9358193949378748,5.971400284319942,1.5891674577279715,4.594576158228745
2.9995470778752074,2.9995470778752074,6.142212547914461,6.142212547914461,6.142437860656746,2.0336316624599076,3.4319757974220764,5.720549754399026,5.791734671820925,0.8837352728846294,4.021043432671601,3.4132431948493585
3.014519214760939,3.014519214760939,2.346351024665323,2.346351024665323,2.346576337407995,0.8778632891620151,1.005770696904475,0.6194879520279798,0.6566833423270393,4.683906488271216,2.865927048793438,5.897685059998385
0.5289964418496781,0.5289964418496781,1.1054105512257812,1.1054105512257812,1.1056358639682615,2.032913493433199,0.9570996677538383,4.441909216010887,5.772312996575749,4.6986712185260755,4.038508551395448,5.88006552933662
3.570993885464855,3.570993885464855,1.5504607298816089,1.5504607298816089,1.5506860426136724,3.290055748999855,0.7188011107287299,3.622938017992365,3.173173056112267,5.735629731202182,3.7698098493794823,0.4037071978808676
6.023763861887511,6.023763861887511,1.569602781734597,1.569602781734597,1.5698280944666385,5.748042317836655,5.834058809565023,4.796153692578542,4.325855022994289,4.544534460984153,1.328575944315257,1.5694872066961687
4.840902157654088,4.840902157654088,5.3599077235428885,5.3599077235428885,5.360133036275197,4.578361147547476,0.6748081122409281,2.343055554357449,3.1584148338514773,0.7078006016205094,1.3053720053704312,5.39088924703686
6.018168933345689,6.018168933345689,0.2820469907362444,0.2820469907362444,0.28227230346864557,5.748326512325975,4.559773721455921,2.3322975502604413,5.621439940391955,0.7205746262388398,3.8015080613895855,5.387722705928084
3.545776864006834,3.545776864006834,5.384295278669764,5.384295278669764,5.3845205914019525,3.284996885608465,4.501300935348356,4.818796321775358,5.5796703432211565,4.504335141364025,2.6198712898877723,1.5617233602765077
3.5586380096857066,3.5586380096857066,1.5626707071953156,1.5626707071953156,1.5628960199278854,3.294021542882272,0.7125794625839109,3.633838573072857,3.1362435965095603,5.709695740356493,3.7971309275621707,0.38859859236072763
6.019812848714237,6.019812848714237,1.5855681002953403,1.5855681002953403,1.585793413027164,5.753650537841975,5.834677143569023,4.81261459542627,4.271699257124293,4.529662466608992,1.3466672880101123,1.561716306586832
4.848551690326085,4.848551690326085,5.3738059995807745,5.3738059995807745,5.374031312312546,4.582946300353138,0.6732647976957449,2.358824102102886,3.108494840858027,0.7100063564996253,1.308440270591737,5.394310269603653
6.03434639443907,6.03434639443907,0.290655579841852,0.290655579841852,0.29088089257388045,5.756101327655847,4.560804205322255,2.338855509257068,5.5942781093863445,0.7415374338753101,3.7879015668785994,5.397524141033538
3.5626406552437744,3.5626406552437744,5.382742283962696,5.382742283962696,5.382967596694314,3.2895857341086128,4.510733486448948,4.815061595783565,5.584115597483848,4.534672151382165,2.5945782571901645,1.575693664002244
0.6233037885907352,0.6233037885907352,3.535894008471621,3.535894008471621,3.5361193212152346,1.3444563066673614,6.132713683268258,0.818204525607376,2.7450679007344125,1.1542643457144628,3.8678052275657118,1.50120140792866
0.6089184698775348,0.6089184698775348,3.5532044645345153,3.5532044645345153,3.5534297772777435,3.8206238983281535,1.0366516953414828,1.9906749047651913,2.692944782785052,3.6026947312041053,3.8725152172641817,1.4591040849092853
4.454486969643582,4.454486969643582,6.002060139125884,6.002060139125884,6.002285451868879,3.798710582756853,6.135107061887452,0.8117025359281005,0.28262684520373593,2.420960013204829,1.3973634668456207,5.291719172264729
5.605521529198649,5.605521529198649,4.845370417216237,4.845370417216237,4.845595729959134,1.3510467699282012,2.330750925389814,3.2801121809470057,1.4020030221833748,3.5924697047662235,2.598168381699849,0.1644600740099465
4.4432908373816025,4.4432908373816025,6.028764400597043,6.028764400597043,6.028989713339964,2.5208287712430257,2.3146695608887278,3.2763395605852947,0.24987360733646558,1.1228544451996851,1.3930220979832784,5.2676727711785585
0.6258958557835639,0.6258958557835639,3.5532411960892856,3.5532411960892856,3.553466508832494,1.3374826630837022,6.131457404467485,0.8215374409613894,2.746181284993017,1.13329302769048,3.858292617320385,1.477725126171908
0.6122033065695087,0.6122033065695087,3.5734991414544885,3.5734991414544885,3.5737244541973414,3.824064825890176,1.023524412765102,1.9933483876652034,2.7122005537973024,3.5954529762686467,3.848787727485966,1.464925415523717
4.459552381818325,4.459552381818325,6.011344030938869,6.011344030938869,6.011569343681988,3.8107499228464095,6.1178078177518405,0.8154665917480566,0.317543002932827,2.433443821083735,1.3681042215534585,5.3248963337440705
5.610182302116992,5.610182302116992,4.838594750051253,4.838594750051253,4.838820062794747,1.3636060362333127,2.3138003016278708,3.281068047831043,1.4439525348753595,3.617567933568067,2.57579774893303,0.21043369934572523
4.4438638239333015,4.4438638239333015,6.01539547065679,6.01539547065679,6.015620783400224,2.531789661164711,2.3027888406956136,3.273107013066707,0.27553877038087116,1.1490237196060458,1.384886602330009,5.310601844662847
4.025100239882381,4.025100239882381,5.298607164202617,5.298607164202617,5.29883247695187,2.648393251017222,5.767893663467509,1.1626679426449285,6.002658761828426,4.485262455356021,6.19948858945901,2.4006554883274402
4.0100646495677665,4.0100646495677665,2.8262642910894176,2.8262642910894176,2.8264896038392107,2.6518493578593763,1.933854586665088,3.6343664707998995,5.96811900803941,4.453886819898584,3.74003512314436,3.6188830301197683
1.5629811521677455,1.5629811521677455,2.8204505237136037,2.8204505237136037,2.82067583646334,5.119507676648761,0.752551870625375,3.6261564599495655,3.5363965433592295,2.0463616182498754,3.721557022301531,1.154777917710461
2.7226649652692707,2.7226649652692707,5.301907591912768,5.301907591912768,5.302132904662764,3.946972720314717,1.940848145320997,1.1684580190251694,4.660113285876559,3.165355017819686,6.228225060610794,1.1662580958808597
1.55101780723673,1.55101780723673,4.119879641148728,4.119879641148728,4.120104953899156,5.1168879996107215,5.724230914707863,2.325713498261519,3.5115626967948996,2.0155742865660304,5.029113278514647,3.6593444791938166
4.018227234012635,4.018227234012635,5.319142585480793,5.319142585480793,5.319367898230721,2.6556043630724524,5.743997553681613,1.1435989632342394,5.990355909560941,4.481932470628954,6.230464793417921,2.448355005209372
4.004539147527772,4.004539147527772,2.854421550070411,2.854421550070411,2.854646862820108,2.649525773760781,1.909191846405916,3.607853708659754,5.971159152554109,4.450110297433192,3.766542881134889,3.6415779482258137
1.56190207661724,1.56190207661724,2.8431591983552673,2.8431591983552673,2.843384511104537,5.109054948989201,0.7355584632243184,3.6000567686317138,3.5646745086066356,2.047046120143744,3.730451276311012,1.1428012056884007
2.7266374638107664,2.7266374638107664,5.313511930395294,5.313511930395294,5.313737243144274,3.9294240687049964,1.9390175991774963,1.156245844860504,4.706611240171469,3.1707388438443536,6.220801269673737,1.1268483991209197
1.5575471808402195,1.5575471808402195,4.11641440597644,4.11641440597644,4.116639718725579,5.100181053924041,5.738996741592613,2.3320738955565745,3.5460013730251956,2.0200715062534758,5.008635484744441,3.6060030914136227
5.365676330829893,5.365676330829893,6.087680005358284,6.087680005358284,6.087905318097489,2.5553810091318003,2.9381221275327527,4.767990018144266,1.95313396611024,1.63901609644652,2.0166135975695125,5.222513902175579
2.891391956850146,2.891391956850146,4.9014993902099295,4.9014993902099295,4.901724702949545,1.3738468815445908,2.9367825349178105,3.600390911645863,1.967913770102661,1.5951100061496624,0.8139736684934658,4.038896417855595
2.901433811628554,2.901433811628554,6.088614655778635,6.088614655778635,6.088839968518472,2.553532647258562,0.48059945915655705,4.776626454299323,4.413404671295423,5.454891443395896,3.3016826105155905,0.25183849272624226
5.377170286509363,5.377170286509363,3.629892004408539,3.629892004408539,3.6301173171482377,0.09076053943979723,1.6555053009251168,2.3215486039408146,3.2780635244323952,0.29265517440205363,3.275603439245899,0.22484256555385418
4.189142902952396,4.189142902952396,3.610463238316748,3.610463238316748,3.6106885510566116,0.09995431125736591,0.48222769744442195,2.3307452957609187,4.4270096095708045,5.404251566896081,0.8160196959678305,4.042710528307032
5.383819563022972,5.383819563022972,6.085759852585831,6.085759852585831,6.085985165325152,2.5696571146461844,2.9440756257923355,4.789538553705675,1.962703667110972,1.6059977227509483,2.0053886495683244,5.214503040151564
2.9015644388975086,2.9015644388975086,4.892037661947932,4.892037661947932,4.892262974686676,1.3958235967216233,2.9426749394909906,3.6227219798947092,1.9647463199083055,1.5695475186107106,0.8129816923815185,4.007101251612987
2.8984770092455676,2.8984770092455676,6.072635439976823,6.072635439976823,6.072860752715322,2.5726163072974435,0.48171474058951175,4.787253828408563,4.390120788043346,5.451382449318536,3.310689141629059,0.2099481494609412
5.362042956944394,5.362042956944394,3.6133028361221373,3.6133028361221373,3.6135281488606257,0.10167052374664999,1.6519515054534117,2.316913578862995,3.240330632489231,0.31396346896866506,3.2890382147812858,0.19179329702648662
4.1694700494700205,4.1694700494700205,3.6023592838754763,3.6023592838754763,3.602584596614427,0.09988440147835848,0.4773641939988837,2.3168313241936356,4.399039382362959,5.437161736332784,0.8308552112750178,4.027923103378629
6.139317068826076,6.139317068826076,5.265064660752344,5.265064660752344,5.265289973494253,6.059449640013549,4.993318683798642,4.447317022777023,5.171059197803286,1.2298153213887517,2.5592574641680694,4.049060545412227
2.3191777917027183,2.3191777917027183,0.17786166710966592,0.17786166710966592,0.1780869798522532,2.2401596450953822,2.512513416530377,5.612991013414055,5.194968748680543,2.424139689341404,2.5467176745325117,4.022657784588908
2.317005518884927,2.317005518884927,5.2708309468597925,5.2708309468597925,5.271056259602681,2.237433850553201,2.5269782353640506,4.4563317113382634,1.3551326346106398,6.2409825461042825,0.10005367274866565,0.22957061031369896
6.119384399832328,6.119384399832328,1.4627643210018024,1.4627643210018024,1.4629896337449548,6.058957044901101,4.975609315918988,0.6080673876566833,0.2132133842570525,6.234386793074554,1.2613267002669384,5.320776321658484
1.0362026582846051,1.0362026582846051,1.464743938817893,1.464743938817893,1.4649692515613513,0.9367684428185084,3.8117157727804236,0.6174045292490479,1.3659775929754732,2.4325963186611035,0.07750411109265201,0.1996050931640978
6.132905795307988,6.132905795307988,5.2719186540928265,5.2719186540928265,5.2721439668358006,6.040539929527262,5.000537243634872,4.434210717603367,5.173023423571986,1.2372872171097835,2.5448219029479278,4.040904238706374
2.3297267272725133,2.3297267272725133,0.17717017094277487,0.17717017094277487,0.17739548368584485,2.2151738361180278,2.5264496785797883,5.59906757120929,5.17917459379697,2.4247272453158115,2.524477412065415,4.004692608350212
2.3419028702967366,2.3419028702967366,5.265701141575827,5.265701141575827,5.265926454318376,2.2143595443323014,2.5410761778917266,4.4487347313669465,1.3210624262175719,6.236734657401137,0.0801369828004026,0.21228313174303626
6.147144174467728,6.147144174467728,1.4540179068818364,1.4540179068818364,1.4542432196239867,6.048132748653078,4.985082596584325,0.6104054503804774,0.17068125044522553,6.228263457024415,1.249794170791646,5.315870300730189
1.0557213069514224,1.0557213069514224,1.4534208453262258,1.4534208453262258,1.4536461580684854,0.9428543794882517,3.8139132059668697,0.6260043991598552,1.339077561904066,2.4239454158753664,0.07824769396939739,0.20172113891440624
0.7980911221922731,0.7980911221922731,5.771837618766096,5.771837618766096,5.772062931510726,5.973874172427385,0.3593539486353187,2.8890167625843524,3.094808687132533,5.8712831091622295,0.2091522570398404,4.886270464078858
0.8242672385271479,0.8242672385271479,1.961093664932622,1.961093664932622,1.9613189776775024,0.8593628709886255,5.485825836251798,2.910680475407387,3.0953677075000643,5.874757226777112,5.319270263685986,2.45611931835647
3.254022861110993,3.254022861110993,1.9584710986307594,1.9584710986307594,1.9586964113756937,5.959888553360039,0.38385288730679734,5.348140539107819,0.6266298965940011,2.068049401072749,0.2060102444027701,2.4280438838068017
2.106134932697134,2.106134932697134,5.774001483607491,5.774001483607491,5.774226796352267,2.144014074974093,4.206113459569286,4.191069284483587,1.7918217838242374,0.8727528705004415,4.034002240875945,4.918158378717181
3.2787097312368876,3.2787097312368876,0.669411175418754,0.669411175418754,0.6696364881638606,2.1325661280991173,4.206815283314633,5.363252529895713,0.6310713338411453,2.0763809409741216,4.040192784019679,3.7372791524139135
0.803351210962016,0.803351210962016,5.763914917002084,5.763914917002084,5.764140229747095,5.964831674978528,0.36534490180929413,2.8827677880863183,3.0880839388338712,5.878697466542479,0.22137561444971335,4.899880831731775
0.8287307337885153,0.8287307337885153,1.9517182117694554,1.9517182117694554,1.951943524514461,0.8552219400329079,5.47200594248784,2.9038863131464323,3.099099589547546,5.880068151296773,5.335517128719362,2.4638637121500158
3.2568021816101123,3.2568021816101123,1.9506354257100214,1.9506354257100214,1.9508607384547443,5.96282252700345,0.35490112643594923,5.340889595741861,0.6437736006553152,2.067890774689237,0.22011106575142028,2.4284621766270904
2.1038706109179555,2.1038706109179555,5.770435644140699,5.770435644140699,5.7706609568851235,2.1525869577788543,4.172738529229605,4.184917231021373,1.8160858633814603,0.8663816931892011,4.041884562717511,4.911237340959138
3.2729254609911504,3.2729254609911504,0.6723405143462521,0.6723405143462521,0.6725658270909809,2.1430983934420875,4.182306420894344,5.363487077017831,0.6492456255615373,2.0679525911296026,4.0382574562411175,3.7242264692737943
3.72887189528726,3.72887189528726,2.7337738608357443,2.7337738608357443,2.733999173572605,3.4462802304025946,0.48608295776930593,0.4182297722121365,4.249481218407586,3.472290110903821,0.07649671549644932,3.2891070029430347
3.758995758020703,3.758995758020703,1.563894843437403,1.563894843437403,1.564120156175121,0.985767931805384,4.30097576926281,0.42877508407342574,1.7719781731711874,5.951675843458709,0.09864733146270233,3.2456424403200854
6.195971702550029,6.195971702550029,2.727786053658151,2.727786053658151,2.7280113663958048,0.9827463497108999,4.298911618267932,4.23146797038402,1.787016108402399,4.763077173084304,2.549899684756024,0.8214605834897638
5.054550713992452,5.054550713992452,0.2911081286588021,0.2911081286588021,0.29133344139653705,3.452737106970914,0.4892321204363872,5.41784941590095,4.238082736558342,5.950847218809128,1.3861272045445374,1.9694858020402193
6.2304446442083705,6.2304446442083705,0.27947668831719963,0.27947668831719963,0.2797020010548958,2.280298093525176,5.592817922799515,4.2411727185010175,3.077394620202627,3.48194894998601,2.5657350329223405,0.7895132555733734
3.7547735295655547,3.7547735295655547,2.752046758560711,2.752046758560711,2.752272071298031,3.4608566277058825,0.4976312777870605,0.4170354046678949,4.262575724949076,3.473328746575625,0.08422133051818737,3.2782991439736597
3.7742433743705295,3.7742433743705295,1.5769590417045551,1.5769590417045551,1.5771843544422064,1.0041717667001242,4.315495374881488,0.4319405942319672,1.7920449491480008,5.94386841753243,0.09643418899441869,3.243839093151466
6.194842605729547,6.194842605729547,2.730789005148808,2.730789005148808,2.7310143178862507,0.9976948897335989,4.308708482409327,4.238160716461641,1.8067743167159733,4.752511644063171,2.537646585122514,0.8276490679661145
5.03712895736545,5.03712895736545,0.284311794448338,0.284311794448338,0.28453710718593167,3.4582913454253,0.49149990208248207,5.425760049954294,4.249877116699799,5.941488943427029,1.367576155026041,1.9785315496377132
6.203158340416181,6.203158340416181,0.26469295318422137,0.26469295318422137,0.2649182659214385,2.2748249938974614,5.588349324937756,4.247074405406401,3.0762514352703767,3.4744895326082843,2.5491621432706206,0.8017195763890993
1.7391425762036397,1.7391425762036397,4.5588950853715025,4.5588950853715025,4.5591203981021655,2.6327085862045276,2.2330424927862498,6.253709974213995,5.55295844665822,1.6293392898293773,3.935233313369286,5.850507764226205
4.202208883283218,4.202208883283218,0.754830103292076,0.754830103292076,0.7550554160225132,2.6179036096352206,1.0446294940868264,5.0664214440712,4.38606908642829,0.4436756268642039,0.09430775843060424,5.837788149068069
3.028195169365321,3.028195169365321,5.849393875871074,5.849393875871074,5.849619188601544,0.17250401042804953,3.5162924647924325,1.2476000466175057,5.569931729883858,1.6133463900787701,5.2191523516332285,3.397991371279237
4.216454819153862,4.216454819153862,0.7395278001124737,0.7395278001124737,0.7397531128444459,1.328953648789014,3.501435550719609,1.2569931225130304,3.1017024897270877,5.452913351518793,0.12327163955481968,4.5514740661345705
1.750923691288322,1.750923691288322,4.568730784635714,4.568730784635714,4.568956097365406,0.15059372817481975,1.0398515100858585,5.0691537585150455,3.109779378624053,5.440459643610222,3.9216988143049045,3.376878086425334
1.7597357168183008,1.7597357168183008,4.54997842849391,4.54997842849391,4.55020374122411,2.6173485516199815,2.2229107550453127,6.263676245159161,5.558559694964866,1.6445860297686528,3.9488050197448765,5.836548370348755
4.217632479529965,4.217632479529965,0.7434406252546669,0.7434406252546669,0.7436659379839161,2.6026897581326374,1.0410499368065749,5.07936318525692,4.382541134958856,0.4646822076039374,0.09742066677854844,5.82082587189997
3.033614930712069,3.033614930712069,5.8433097328083985,5.8433097328083985,5.843535045537357,0.16283402527179636,3.5209180893805883,1.259802828133095,5.557159748306802,1.6324080168625557,5.211974743925198,3.3831210540293495
4.211439193037629,4.211439193037629,0.7369997234163105,0.7369997234163105,0.7372250361470994,1.329430922602734,3.5121234774111105,1.2640289270991136,3.085316748254916,5.464747534652787,0.113368742674548,4.541411963374549
1.735167814909353,1.735167814909353,4.570093152312579,4.570093152312579,4.5703184650419,0.16086728032654385,1.0526718430146,5.06677165055186,3.096922082978796,5.439342941118388,3.908491792178268,3.378864242642365
6.222356164681938,6.222356164681938,1.471866184120837,1.471866184120837,1.472091496845769,5.885079742996625,2.9880588158429946,0.82750528528355,5.481158977411213,2.387344689080713,5.701318283865276,3.717293806868226
5.035260313445954,5.035260313445954,3.944853387873073,3.944853387873073,3.9450787005976475,5.872479189674507,2.9960219685778324,0.8306887043838787,3.0111794486202474,2.3817347216612355,5.722719110371593,6.173952420202761
6.22683344611904,6.22683344611904,2.750210822159427,2.750210822159427,2.750436134884043,3.4233846772329937,0.5289204046005244,4.644887684493564,3.014005229037395,4.859197686810329,1.8854220280804075,6.185699697971219
3.763121045840062,3.763121045840062,3.9508234896634895,3.9508234896634895,3.951048802389116,4.581718160898675,1.7102302874007935,5.829844777635152,5.478258191238989,3.677047832201808,0.7196393240672823,3.7099012572342263
3.7649176868410072,3.7649176868410072,1.473637398694798,1.473637398694798,1.4738627114199172,3.411657475740139,0.5268204882497781,4.644049947148383,4.300382584639107,4.8383912720454445,1.9084676828329883,4.88746375065772
6.23806056632623,6.23806056632623,1.4762962482722062,1.4762962482722062,1.4765215609979492,5.876152463612511,2.9816558901153294,0.8245685984687547,5.485802475167817,2.3772082986488563,5.7114735544569015,3.7095626296864173
5.0472247247868385,5.0472247247868385,3.9477533645333134,3.9477533645333134,3.947978677258707,5.8703196995603895,2.979665187444319,0.8250685997229512,3.0198374429938246,2.3561352149022934,5.732740104376494,6.165380628617957
6.229831309960971,6.229831309960971,2.751499708477914,2.751499708477914,2.7517250212027946,3.42888724947111,0.5097954835597476,4.638400326941986,3.023147089034634,4.826983260195145,1.8924196087343397,6.1768027186680285
3.7567829392573353,3.7567829392573353,3.947631681899325,3.947631681899325,3.94785699462422,4.591357534852771,1.6950231057988274,5.825088723484668,5.483857414936386,3.649984897733944,0.7190835489816925,3.7060679111566768
3.752033107829013,3.752033107829013,1.4676724027444346,1.4676724027444346,1.467897715468522,3.422868762361574,0.5205652536657936,4.643031217847123,4.300856753684715,4.82763101191876,1.9008770577341902,4.891674157134785
